6
ТЦ Квадро
Налибокская
30
-1
2300
140
144
1073741827
1432
642
1
Яблоко
Фрукты
2
70
31171
46
ТЦ Бонус
Голубка
2
-1
4500
135
96
1073741826
1408
387
1
Апельсин
Фрукты
3
45
19879
0
ТЦ Евроопт
Казимировская
34
-1
5000
567
26
1073741825
389
262
4
Вишня
Ягоды
3
40
19290
0
Морковь
Овощи
2
32
3912
0
Апельсин
Фрукты
3
37
19879
0
Арбуз
Ягоды
8
34
38993
0
ТЦ Гиппо
Дзержинского
123
-1
4700
218
182
1073741828
972
789
2
Арбуз
Ягоды
8
23
38993
0
Морковь
Овощи
2
17
3912
0
ТЦ Грин Сити
Победителей
127
-1
7600
0
92
1073741829
2325
699
0
ТЦ Караван
Некрасова
8
-1
3400
0
160
1073741830
437
1041
0
